0.09205292171771066
0.09205292171771066
0.1288146224724517
0.1288146224724517
0.12881468470789523
0.09205292181556635
0.09205292181556635
0.12881462249038494
0.12881462249038494
0.12881456096215657
0.36270873029605494
1.
0.2374006782471165
1.
0.05712248545416465
0.4761807156493127
1.
0.23740067830568165
1.
0.05712298794375242
0.09673640580490146
0.28201301615880425
1.
0.21158449702756263
0.15185889036536795
0.0967364069585458
0.4078135287704314
1.
0.21158449632672183
0.1518602101103059
0.08176307689165745
1.
0.24289765242928812
1.
0.12144882230946669
1.
1.
1.
0.2105661308980968
0.1052830699746726
0.25361007443535777
0.00002216053701248074
1.
1.
0.1499220568669536
0.08176307689165745
1.
0.24289765242928812
1.
0.12144883115893927
1.
1.
1.
0.2105661308980968
0.10528305347022844
0.2536100702969592
0.000022161283078980257
1.
1.
0.14992205578588982