0.1918564253471099
-0.1918564253471099
0.09012850340987291
-0.09012850340987291
0.09012812079472243
-0.19185642530198704
0.19185642530198704
-0.09012850339693326
0.09012850339693326
0.09012888657545592
0.2666587817320407
0.000014946542181481979
-0.5508444834982305
0.
-0.06060244805187167
0.4847055425396966
0.000014947140802907852
0.5508444810396981
0.
-0.060602735170542446
0.03916940683486371
-0.4168735210052856
0.
0.000048480773291202905
0.02131761851796229
0.03916940630500188
0.29485367007670243
0.
-0.00004848061630081784
0.021317618045453384
-0.5631974852611724
0.
-0.11168026608787543
0.
-0.05583864104866684
0.
0.00004999966003549385
0.
-0.36702206837279455
-0.18350953395877564
-0.11426588788888697
0.000010011745416866803
0.
0.
-0.06622036671352888
0.5631974852611724
0.
0.11168026608787543
0.
-0.055841625734797395
0.
-0.00004999966003549385
0.
0.36702206837279455
-0.18351252802780696
-0.11426589090415579
0.000010012422979079291
0.
0.
-0.06622036696701318