0.009420201692613773
-0.009420201692613773
0.
0.44908717258134856
-0.44908717258134856
0.
0.29939078057184815
-0.00942020262288861
0.00942020262288861
0.
-0.4490871724174358
0.4490871724174358
0.
0.2993921347074211
0.19966132222209126
0.
0.
0.2834181893793866
0.
0.
-0.09447166108200326
0.15512716459762305
0.
0.
0.25633454991673316
0.
0.
0.13176752067980124
-0.5907713780747145
0.
0.
-0.25633455016714246
0.
0.
0.13176764760486548
0.
0.
0.
0.
-0.05182902755495161
0.
0.017277426478918643
0.001696055969747249
-0.07798076472524554
0.
0.
-0.0025762145889948445
0.
0.
0.0016960546540794894
0.06053931818963611
0.
0.
0.0025762144400123363
0.
0.
-0.040251272911962586
0.
0.
0.
0.
0.
0.009106970284430194
0.2693219428692246
0.
0.
0.3872289658281952
0.
0.
0.12907782403938473
0.
0.
0.
0.
-0.07008144673332573
0.
-0.02335898717911914
0.05421468902821653
0.
0.
0.
0.
0.
-0.012112918329966166
-0.2693219428692246
0.
0.
-0.3872289658281952
0.
0.
0.12907482688408345
0.
0.
0.
0.
0.07008144673332573
0.
-0.02336197941051796
0.05421468993468443
0.
0.
0.
0.
0.
-0.0121129183834733