0.14773712714099219
0.14773712714099219
1.
0.4393341033109254
0.4393341033109254
1.
0.2928897422521965
0.14773712705225037
0.14773712705225037
1.
0.43933410327948585
0.43933410327948585
1.
0.2928890807006635
0.10247536689811271
1.
1.
0.58427190751273
1.
1.
0.19475744028906475
0.9270247390937538
1.
1.
0.5066227647912137
1.
1.
0.27969533310469047
1.1715627681615954
1.
1.
0.5066227645252701
1.
1.
0.2796943526407359
1.
1.
1.
1.
0.46124474411710836
1.
0.1537484067243441
0.0731574851895791
0.7461950566300019
1.
1.
0.3150993052659762
1.
0.1152963682050217
0.07315748213738345
0.7434756342765658
1.
1.
0.31509930456529406
1.
0.1152967365743229
0.10333483527946195
1.
1.
1.
1.
1.
0.025777977078059497
0.1277790353746252
1.
1.
0.789653768476271
1.
1.
0.2632177582601998
1.
1.
1.
1.
0.6250118065582405
1.
0.2083370659161188
0.13665426877231598
1.
1.
1.
1.
1.
0.033387951654423105
0.1277790353746252
1.
1.
0.789653768476271
1.
1.
0.26321810208486895
1.
1.
1.
1.
0.6250118065582405
1.
0.208337481081219
0.13665426790893587
1.
1.
1.
1.
1.
0.03338795187325463