0.1 0.0647664 0.000266439 0.0716155 0.000360546
0.2 0.0876761 0.000336917 0.0970023 0.000490777
0.3 0.127483 0.000938555 0.148904 0.00114715
0.4 0.173668 0.00224189 0.222001 0.00273553
0.5 0.217839 0.00268623 0.28089 0.00317076
0.6 0.260683 0.00318904 0.326831 0.00346195
0.7 0.29709 0.00274178 0.356472 0.00325287
0.8 0.328008 0.00235374 0.383907 0.00277101
0.9 0.350898 0.00232887 0.410699 0.00314098
1. 0.371896 0.00243885 0.430071 0.00319304
1.1 0.396063 0.00254548 0.450273 0.00282123
1.2 0.411322 0.00232504 0.468574 0.00324477
1.3 0.433266 0.00247833 0.492292 0.00303701
1.4 0.438429 0.00281183 0.495405 0.00349492
1.5 0.448775 0.00243093 0.502034 0.00282162
1.6 0.460452 0.00236072 0.514841 0.00288842
1.7 0.468692 0.0021929 0.524214 0.00283921
1.8 0.477647 0.00240957 0.532654 0.00291815
1.9 0.487274 0.00242907 0.539958 0.00277452
2. 0.493344 0.00220744 0.547342 0.00270355
