0.1 0.0584419 0.000273281 0.0656253 0.000401149
0.2 0.0573744 0.00141478 0.111814 0.00300114
0.3 0.0374367 0.00689901 0.255599 0.0124412
0.4 0.0377094 0.0163651 0.378758 0.018677
0.5 0.0402813 0.0229225 0.524434 0.0247901
0.6 0.0515058 0.0229713 0.579826 0.0252597
0.7 0.0580184 0.0238639 0.627602 0.0251752
0.8 0.075389 0.0237865 0.666201 0.0265681
0.9 0.138884 0.0252713 0.670949 0.0269245
1. 0.145342 0.0262603 0.705698 0.0266317
1.1 0.174875 0.0230814 0.748416 0.0261359
1.2 0.230057 0.0234179 0.713879 0.0263928
1.3 0.242968 0.0220334 0.740923 0.0282902
1.4 0.265769 0.0199133 0.737946 0.0289635
1.5 0.293447 0.0212781 0.750476 0.024348
1.6 0.290912 0.0209833 0.792643 0.0270992
1.7 0.30225 0.0224764 0.785324 0.0253196
1.8 0.263276 0.0212937 0.778971 0.022562
1.9 0.338652 0.0198592 0.788489 0.0245638
2. 0.344422 0.0215467 0.815968 0.0227693
