0.1 0.0601847 0.0000911957 0.0626263 0.000103705
0.2 0.0750592 0.000439251 0.0883062 0.000650942
0.3 0.0899068 0.00266132 0.157678 0.0032181
0.4 0.0807918 0.00958849 0.358358 0.00978803
0.5 0.0900399 0.00931607 0.495232 0.00971756
0.6 0.109884 0.00835684 0.575752 0.0104445
0.7 0.115198 0.0106206 0.610782 0.011104
0.8 0.169834 0.00931217 0.599639 0.00947631
0.9 0.250198 0.0087497 0.585235 0.00915124
1. 0.309753 0.00875052 0.587339 0.00937048
1.1 0.341443 0.00779888 0.605402 0.00832106
1.2 0.401335 0.00868656 0.611499 0.00876216
1.3 0.433155 0.00705082 0.607105 0.00790576
1.4 0.457555 0.00753114 0.618486 0.00786125
1.5 0.468657 0.00687923 0.625318 0.00691455
1.6 0.492281 0.00705735 0.64159 0.00742634
1.7 0.502516 0.00580414 0.644463 0.00659175
1.8 0.521293 0.00605255 0.652775 0.00644963
1.9 0.539189 0.00550669 0.660747 0.00660499
2. 0.54473 0.00574355 0.679479 0.00758039
