0.1 0.0600367 0.000178689 0.0648288 0.000239741
0.2 0.075724 0.0005561 0.0899698 0.000666977
0.3 0.0900315 0.00228334 0.15739 0.00347259
0.4 0.0944189 0.00941954 0.338861 0.00970074
0.5 0.0993157 0.00957691 0.4702 0.00974314
0.6 0.116095 0.0102859 0.53685 0.0103691
0.7 0.135233 0.00983601 0.559916 0.0104053
0.8 0.195339 0.0114903 0.562187 0.0116655
0.9 0.251359 0.0102954 0.569406 0.0102954
1. 0.297027 0.00874819 0.564686 0.0101417
1.1 0.35584 0.00842092 0.581768 0.00944825
1.2 0.402171 0.00677262 0.583885 0.0087233
1.3 0.421905 0.00699173 0.594423 0.00798179
1.4 0.436525 0.00728106 0.608281 0.0084626
1.5 0.455481 0.00639679 0.618133 0.00769236
1.6 0.473349 0.00747628 0.629642 0.00775874
1.7 0.482815 0.00634117 0.636036 0.00830504
1.8 0.505787 0.00644524 0.650665 0.00758626
1.9 0.502062 0.00640511 0.659449 0.00690643
2. 0.511784 0.00600535 0.669304 0.00772654
