0.1 0.0582553 0.00028458 0.0657155 0.000420022
0.2 0.0591949 0.00143809 0.110808 0.003114
0.3 0.0446096 0.00691888 0.240251 0.0114195
0.4 0.0434929 0.0152418 0.363535 0.0187796
0.5 0.0524455 0.0195388 0.458787 0.0234261
0.6 0.0664814 0.0218241 0.511077 0.0249649
0.7 0.097321 0.0231719 0.562476 0.0242251
0.8 0.12704 0.0247951 0.610983 0.027462
0.9 0.13377 0.0245288 0.635173 0.0276618
1. 0.1589 0.0235599 0.668501 0.0262336
1.1 0.193638 0.0220176 0.692742 0.0254626
1.2 0.218518 0.0209081 0.717088 0.0254353
1.3 0.255424 0.0219459 0.722078 0.0240171
1.4 0.267317 0.0197674 0.729659 0.0264127
1.5 0.271887 0.0235807 0.755082 0.0239537
1.6 0.309348 0.0169613 0.769923 0.0245517
1.7 0.305446 0.0191519 0.760273 0.0248243
1.8 0.30907 0.0193591 0.774785 0.0248756
1.9 0.339729 0.0197902 0.782676 0.0232544
2. 0.35099 0.0200072 0.781849 0.0220059
