0.1 0.0587985 0.0000935402 0.0647792 0.000101082
0.2 0.0652366 0.000475715 0.101049 0.000632422
0.3 0.0509011 0.00261174 0.225527 0.00305833
0.4 0.0537443 0.0044936 0.334898 0.00479567
0.5 0.0677907 0.0058924 0.429307 0.00611059
0.6 0.0938443 0.00642749 0.483603 0.0067016
0.7 0.123731 0.00678018 0.53156 0.00701883
0.8 0.14725 0.00707339 0.577707 0.00719785
0.9 0.178231 0.00708057 0.60408 0.00733757
1. 0.198982 0.00692951 0.629309 0.00723399
1.1 0.232611 0.00688984 0.656205 0.00716016
1.2 0.25467 0.0067831 0.680575 0.00715039
1.3 0.273228 0.00673434 0.700288 0.00717182
1.4 0.291127 0.00666602 0.713979 0.00706932
1.5 0.312309 0.00669317 0.715642 0.00688261
1.6 0.327825 0.00642677 0.730742 0.006885
1.7 0.335324 0.00653832 0.73991 0.00685595
1.8 0.34284 0.00661865 0.756872 0.00665453
1.9 0.366098 0.00644196 0.760457 0.00655103
2. 0.377981 0.00622049 0.765955 0.00662463
