0.1 0.0602428 0.000175266 0.0648083 0.000242116
0.2 0.0757286 0.000539393 0.0903922 0.000753837
0.3 0.0889514 0.00296454 0.178068 0.00512993
0.4 0.0890198 0.0101621 0.339806 0.0102341
0.5 0.0977917 0.0104881 0.472738 0.0115482
0.6 0.11275 0.00979604 0.548947 0.0101321
0.7 0.136849 0.0105832 0.569471 0.0107272
0.8 0.21192 0.01021 0.547535 0.0114808
0.9 0.237723 0.00964548 0.574747 0.00964548
1. 0.319154 0.00885398 0.573357 0.0100894
1.1 0.356176 0.00959332 0.5795 0.0100968
1.2 0.386352 0.00953172 0.610314 0.00962161
1.3 0.414405 0.00826437 0.593575 0.00837721
1.4 0.435631 0.00791676 0.614415 0.00831881
1.5 0.451558 0.00751093 0.623407 0.00903324
1.6 0.463522 0.00730431 0.636113 0.00839939
1.7 0.477281 0.00665216 0.643477 0.00864366
1.8 0.491035 0.00653281 0.653096 0.00831808
1.9 0.503574 0.00734065 0.670071 0.00785385
2. 0.514788 0.00714163 0.673693 0.00826792
