0.1 0.0599979 0.000152873 0.0644344 0.000208869
0.2 0.0747924 0.000607532 0.0913001 0.000897212
0.3 0.087948 0.00312737 0.174589 0.00524156
0.4 0.0920408 0.011196 0.33864 0.0114347
0.5 0.0902974 0.0131319 0.490239 0.0131319
0.6 0.109337 0.0118445 0.546371 0.0121374
0.7 0.135527 0.0127403 0.565883 0.0131614
0.8 0.175468 0.0116761 0.588146 0.0121453
0.9 0.236063 0.00963399 0.584347 0.0100204
1. 0.291203 0.0101033 0.581196 0.0116573
1.1 0.331692 0.010114 0.599505 0.0106842
1.2 0.373612 0.00936387 0.59797 0.00957868
1.3 0.403407 0.00950916 0.615567 0.00967086
1.4 0.422515 0.00840073 0.63062 0.0100888
1.5 0.431341 0.00790311 0.635935 0.00998494
1.6 0.461932 0.00877241 0.644717 0.00982864
1.7 0.477849 0.00705693 0.652036 0.00842719
1.8 0.489191 0.00782641 0.659083 0.00886964
1.9 0.496601 0.00741448 0.672661 0.00928816
2. 0.513624 0.00756884 0.675583 0.00907347
