0.1 0.060767 0.000188318 0.0653726 0.000216608
0.2 0.0785339 0.000505075 0.0903355 0.000630158
0.3 0.100989 0.002098 0.156898 0.00311956
0.4 0.113235 0.00810677 0.284924 0.00971275
0.5 0.142356 0.0101574 0.364215 0.0131353
0.6 0.18465 0.0117888 0.418334 0.0117888
0.7 0.23503 0.00912116 0.450914 0.0104993
0.8 0.281005 0.00797223 0.472863 0.00983352
0.9 0.318214 0.0073528 0.489731 0.00825026
1. 0.359331 0.00623447 0.511814 0.00826239
1.1 0.394502 0.00726515 0.541042 0.00785283
1.2 0.408032 0.00614552 0.552723 0.00829252
1.3 0.426518 0.00622017 0.576876 0.00773591
1.4 0.444515 0.00604072 0.587725 0.0078099
1.5 0.46066 0.00621175 0.601992 0.00752757
1.6 0.475574 0.00578146 0.615666 0.00731007
1.7 0.486879 0.00531361 0.623231 0.00743168
1.8 0.503873 0.0053403 0.636478 0.00728953
1.9 0.51219 0.00555058 0.643137 0.00654068
2. 0.521146 0.00585971 0.65569 0.00635383
