0.1 0.0600937 0.00019402 0.0647161 0.000228146
0.2 0.0763182 0.000566318 0.0892784 0.000603958
0.3 0.0903542 0.00213723 0.158923 0.00342687
0.4 0.0927732 0.00885261 0.334026 0.00910021
0.5 0.105097 0.0097015 0.468517 0.00974001
0.6 0.115093 0.00982172 0.519525 0.0101307
0.7 0.148654 0.00954254 0.554787 0.00971738
0.8 0.19692 0.00898649 0.566132 0.00946986
0.9 0.272777 0.00909214 0.562614 0.00919394
1. 0.304002 0.00901228 0.569502 0.0090886
1.1 0.366175 0.00726036 0.557793 0.00775007
1.2 0.39721 0.00716585 0.571689 0.00785651
1.3 0.430392 0.00646085 0.579625 0.00788508
1.4 0.434659 0.00639546 0.589767 0.00818366
1.5 0.457755 0.00667051 0.609832 0.00854144
1.6 0.470264 0.00636582 0.622251 0.0066828
1.7 0.487186 0.00644439 0.635737 0.00805692
1.8 0.499784 0.00555627 0.636674 0.00696642
1.9 0.507537 0.00628393 0.653659 0.00671994
2. 0.519837 0.00548396 0.660958 0.00758595
