0.1 0.0599396 0.000170663 0.0645509 0.00022683
0.2 0.0737512 0.000690165 0.0912694 0.000802382
0.3 0.0864081 0.00363294 0.181113 0.00546467
0.4 0.0825288 0.0123511 0.352591 0.0124699
0.5 0.083724 0.0117059 0.475593 0.0120416
0.6 0.099856 0.0121776 0.536982 0.0124947
0.7 0.139641 0.0127761 0.580528 0.0136616
0.8 0.167455 0.0147407 0.602606 0.0147407
0.9 0.238944 0.0132882 0.605657 0.0134004
1. 0.285131 0.0111468 0.584773 0.0112825
1.1 0.343682 0.0118584 0.600414 0.0123408
1.2 0.364769 0.011195 0.624848 0.0112831
1.3 0.398845 0.00962005 0.604753 0.0115264
1.4 0.420461 0.00933359 0.626231 0.00938484
1.5 0.43076 0.0104421 0.64959 0.0109103
1.6 0.453044 0.00820973 0.659233 0.0113629
1.7 0.468879 0.00841751 0.654599 0.0085189
1.8 0.47953 0.00684361 0.672002 0.00923039
1.9 0.493404 0.00874489 0.67612 0.00979216
2. 0.497739 0.00850943 0.688162 0.00863818
